46445
53409
13153
56074
45345
13496
749
85508
96820
10947
44952
9116
50444
23732
22815
60645
1490
3309
68485
72034
41168
1732
72717
74251
90035
59359
34908
23687
9608
15097
93147
3632
68098
38299
20915
14993
53106
86019
16976
41770
11757
61824
72254
42826
38730
72178
29550
12468
69121
23886
70641
46778
8748
83832
69499
67012
87113
62344
44961
96234
45909
85765
82875
50165
32178
97996
26114
27458
4609
54633
30866
11134
53992
3611
81193
23594
88717
92884
18438
29400
62489
4983
874
26539
87478
44312
89722
16283
27345
10879
44570
95278
6552
8964
97458
91360
64891
1300
13773
25115
20398
71338
48597
34559
10598
83798
34552
67867
2871
85177
97189
87569
83900
50726
39439
25621
36750
88867
39208
30862
1707
19813
9863
65363
55632
30903
91426
53679
58367
9491
7412
38078
56954
23142
69048
64973
80933
59984
31499
89565
46791
97857
82285
20831
61481
37437
57184
53816
66229
20568
93927
80223
40407
954
81608
8954
1759
96636
98026
66148
89949
78953
40023
13929
2147
34589
89114
89640
48262
80297
49122
44048
80637
5740
89309
86338
71232
88187
74813
34389
17705
94201
26294
1388
36310
77055
93149
96673
64932
14901
56906
94078
67125
89430
85270
38462
59851
39312
34653
90736
5930
85665
38525
42996
77817
26299
63381
1019
99169
83680
42118
64042
1516
57861
35093
29559
41158
5075
67366
19530
81631
41025
76226
94653
70407
55771
19346
96508
40048
57086
23969
76838
89040
50296
57245
7497
63643
87084
11317
98025
88844
27692
55420
40025
52924
65469
13604
95871
98121
15638
84548
59220
27985
14400
54994
25185
56435
79766
26697
34499
48788
90854
38692
16136
7863
7535
39872
90159
26788
544
57533
54091
27073
34367
29565
25440
77659
7359
37699
67140
45246
94472
23061
96639
83032
36050
19707
91467
28218
72905
38301
63124
20118
29258
98279
95288
21345
64868
88648
53671
99762
7864
18030
56995
51521
84537
6251
54657
33768
50156
94035
18150
22533
47337
67163
91307
95605
78743
21211
79609
59930
13555
93676
29005
82454
34537
70827
27156
79629
57145
4147
67440
93959
61011
47174
40144
43658
71195
51493
38555
35331
25541
40786
94982
51806
88697
24085
82648
87529
73679
29524
46221
10869
29780
71928
89999
32340
19587
89390
65950
21147
34221
32163
11625
56545
8401
37159
39027
94526
48579
38475
28110
74253
10057
77666
65602
34665
15768
39075
9351
29619
29723
88868
10310
8426
98348
95584
97883
24401
95929
88274
76917
7916
23295
70807
99252
63682
51474
55664
87754
23164
17587
19549
12410
67684
8535
34018
88540
90535
88071
37957
19766
35763
10970
72557
32451
20217
51131
87108
13584
19627
90697
77526
56825
80798
58385
24623
3824
84649
39478
5377
66390
51492
34922
1851
5824
21641
39249
11474
39890
63734
61540
67643
33095
31689
30507
94318
66758
11586
50530
96324
15342
53635
20084
53754
12779
85683
835
20812
57853
51478
67869
85242
21080
29974
5735
61125
6078
34717
93750
64818
56518
1464
8017
45925
7960
39925
37104
88647
81870
43205
3103
66049
23061
23002
82747
94
91817
5161
94259
21516
87708
30313
80328
8155
53198
87026
50957
24572
88662
38111
47494
51874
21239
4588
91181
11108
78123
23095
34440
63960
20156
3106
95060
1337
46405
29935
5885
6146
66965
59234
92290
14577
4907
16515
43573
71332
15898
47449
59993
10142
39430
57519
43266
74434
98789
96497
62456
13622
30175
96240
7731
59362
11470
13401
62175
25998
69214
77730
15066
24230
75949
93277
22641
18585
64555
47842
89318
32181
77787
23657
30700
67565
58128
78637
10920
51731
44592
48425
44178
40189
81076
75454
3025
70435
55941
36843
67106
44607
88480
39027
5778
49387
49075
57050
56670
29926
16701
41384
81850
4143
94001
57700
14854
59463
49171
16281
76282
3187
49849
41076
32731
79960
79434
82979
44707
31485
14146
41719
80316
73547
56940
60386
53189
33808
55174
48953
15275
6135
72000
97619
36400
56145
11708
72552
67240
11502
50639
5363
55414
98308
24830
46224
25427
8743
92162
88605
72967
68686
31716
17532
95437
44852
63872
88719
43763
90420
38598
20507
45687
50988
27604
62821
8427
33914
32061
5015
98353
33441
83236
79131
21694
95717
36737
32062
81819
95082
14874
21998
70431
4024
69451
79836
37558
28121
86814
1339
8604
67385
74291
78782
52834
57925
9241
7645
55688
35852
92114
64240
81664
29345
19218
67378
58257
69462
49280
86623
74161
26305
16724
88629
74153
52154
20695
29622
69461
43483
12293
39620
31489
42558
93773
32708
68908
87906
4335
65947
53000
57926
84957
8339
99095
9516
58714
32854
50543
55287
4253
95761
57847
7372
7086
58514
25831
66164
66920
65386
74443
58040
47605
64524
56736
23459
2165
20971
8309
85475
29558
20607
77899
11368
32508
26496
22805
24291
5882
62249
64216
69704
35639
93942
80044
61452
91402
89382
94808
90726
69630
697
38969
7953
32430
66674
37179
48968
76809
81909
79038
33033
38479
49578
18162
9395
63825
24696
67898
54279
87060
60778
77645
14441
42062
33101
75600
35999
45095
8175
35516
18865
16825
85377
26366
85767
8784
94518
53041
98414
42475
25121
30405
25075
81880
22714
64700
10373
64315
15065
34279
438
36039
50393
19884
2747
59074
40662
33859
47047
76645
74159
17716
1395
7674
97604
50362
4313
74460
73528
50786
2387
46393
41295
88012
47936
22643
87761
11848
11775
93978
61669
66586
97906
1203
40790
94039
23900
8020
99409
85445
25219
45221
69540
60350
96462
57151
39616
74253
9511
78448
94424
85582
8121
57045
99295
77874
61266
70591
41709
92088
86114
62094
77082
21525
730
9112
51201
40716
93102
26498
10846
61846
85491
14629
22640
52667
53504
22538
6231
60855
35153
32558
88662
52917
50367
15614
81458
68631
19592
41083
93200
99915
33069
89175
91770
69622
19278
78870
74171
52269
74160
6222
51486
89431
98679
94534
71154
13548
37323
31642
20488
27960
41175
14069
58482
72888
91301
25652
55206
53851
79266
13449
24761
52033
6304
86998
28964
53439
79502
25645
39170
45369
89441
1782
45327
25446
35727
38121
27146
70800
72110
85711
11283
74704
26617
86468
77869
63637
49578
62712
33821
70654
29153
64105
13384
3995
74715
29673
30328
14799
85819
86046
16312
66128
66148
43036
60083
59269
64667
57837
33080
11366
72745
13129
41784
60608
60663
94877
48070
174
49361
38536
