94053
75577
73959
22797
31082
29815
92062
51554
66732
90785
20727
72245
58101
45788
53092
52536
95787
40919
84878
38147
16749
12104
77146
73373
46677
36689
2885
93204
51285
27615
33929
54816
49884
53862
33720
42982
92368
29480
67613
23537
59571
26349
50784
29560
32417
36074
55872
33053
79341
22652
32248
53738
8873
99467
52444
82899
85404
61193
10235
54616
4843
53106
69180
91873
32018
47564
58018
1570
60074
3686
86730
50743
42147
23482
76010
60998
41672
33036
13681
48161
97439
85034
53483
87523
13128
46124
82972
40784
21371
91123
79714
70903
7340
56459
36532
55985
40392
70314
59783
86753
49431
76144
63397
81491
31706
29095
44886
40510
29707
85187
90969
12420
29633
5889
92457
19727
94251
41960
15130
49971
41010
35788
42362
95376
80857
20456
21394
62191
19870
59361
99013
39778
93272
25192
20845
61126
57208
16885
29219
29185
77610
11246
35125
97670
45203
23328
58415
73165
61522
36706
8629
88477
95264
63223
67844
62405
37906
80330
91286
96060
14899
21201
80668
39014
11917
80971
11908
9455
79038
72548
50610
84431
24196
53262
25416
31814
87924
7720
81024
74591
70652
45208
48590
31406
63878
9842
66304
21044
77302
35920
42175
58935
98856
97177
86990
5868
41397
42588
92039
56527
63276
11539
59587
36295
53627
15107
60112
88644
80805
4568
70906
88834
7274
94699
63140
80358
90596
93725
63022
57821
34598
36635
26414
449
88765
81753
64376
32565
28816
51705
79609
29190
77826
38819
54837
87530
57708
8364
63598
48578
1733
81009
157
56569
30652
71898
77336
94564
5625
67993
25741
21249
36129
17194
22659
38298
63633
80883
15773
97185
51456
579
54391
10451
59455
93972
2281
82679
32633
49002
98977
61118
46389
92275
4715
1090
82641
61158
5290
92936
68070
92262
30205
70080
23976
8062
40221
50817
22885
55749
45723
80431
53955
12889
26980
69751
47972
50885
79774
82671
15810
75900
66058
14712
78421
88253
24930
75197
38634
51631
80505
10675
81163
25956
80256
74233
35483
47607
96221
3991
46520
21071
59987
24384
25593
79132
44510
94962
64272
88343
39893
8434
40775
9475
23081
41041
52420
87184
45986
11692
9286
31700
71590
61381
60167
27122
47892
35693
53690
97877
45410
2204
60779
65267
87012
40148
46596
61036
52838
99075
69988
80585
27278
57311
81255
10143
26525
75753
20387
7692
49484
59245
65990
88918
70769
84542
38491
36625
35193
47612
43140
471
15501
57071
56478
74223
52079
24778
23586
17832
76795
77675
50879
27964
83240
6743
17091
60528
60071
88224
63825
84304
12032
25664
778
62613
53305
31229
26470
16896
37968
9861
27673
34141
29758
63664
63792
7747
56948
45347
26771
54385
5950
39209
54787
54736
55876
19673
1882
34933
67174
84117
60271
6717
80413
55590
93617
2000
55007
4355
61193
47136
84089
60777
84410
45193
14964
60225
12418
67056
28530
28510
99928
38342
53167
55230
82253
30596
79202
40998
36141
5134
70907
60617
37085
62674
46597
48287
81436
44263
8067
69839
21572
85648
89908
50887
26887
79609
67728
29856
13588
45750
24010
71933
41297
55496
45709
65194
64416
28537
8737
95742
27708
84380
15654
16219
65339
49872
97429
77163
49003
63548
27684
38690
70934
39570
87584
18368
28288
71629
53329
69358
96645
37236
88635
90141
4445
52407
9273
17580
80986
37262
24226
25441
74022
25951
77830
31436
71784
77015
31471
33033
7069
58157
20546
1756
97568
87267
41565
51764
77220
35942
13848
30858
98294
96715
774
18721
86397
84530
19155
18405
12668
9925
74341
95438
29772
25335
49404
36763
72676
3078
48627
18169
57779
57723
82463
37276
97249
20710
66797
41858
8180
28900
8837
99765
24646
55835
89771
52935
53969
666
40570
95924
82725
85659
39465
56741
63694
26019
57736
18858
29456
61950
45281
64093
81932
17637
46777
54755
73851
11577
54318
53515
51983
84423
14328
61870
82294
8259
88233
57263
41016
96431
56239
7323
85814
14739
81743
27847
18987
98084
39977
46678
57100
59871
60216
85682
46217
2636
23824
93392
12747
44509
31296
17487
6166
49742
56272
23126
47590
84388
91713
31386
49299
93360
30289
12535
4079
1803
67926
63828
11940
34873
4736
52194
70680
74600
60633
55259
30410
23055
74822
75076
39604
25041
42916
78669
76296
77593
84077
333
74133
78750
36467
61544
3906
34206
95905
88171
94159
58372
10303
81868
99576
89763
64652
81996
19187
29274
48131
65814
94670
41999
93144
77343
35604
87382
39770
95142
39143
56618
78577
33683
20228
48304
17310
10105
95940
34680
10111
77749
28759
87901
82314
21230
87400
81953
56238
19829
57566
49748
35607
14212
81270
53420
52745
77248
89003
44172
50626
95545
60401
27135
34681
2919
47251
16250
39907
8748
79770
71519
15946
96502
25478
61879
34006
76027
71572
7765
48870
29084
20472
11095
62357
4356
56418
32997
47607
84392
50299
3378
27995
19943
79558
86072
27528
79817
88929
61214
64097
40802
90243
10643
55427
56141
28317
97649
98532
31602
4827
20957
88211
68098
21666
56899
27260
90455
21105
72508
49283
8375
41954
41641
79077
17136
71335
95510
86012
4410
75183
28282
30713
8954
14464
51507
8138
78779
80220
9036
371
39124
98718
53145
79734
23527
35004
34743
47597
38365
60164
72526
53580
33644
24576
81232
53154
80179
56020
94841
68054
11994
75932
12846
30379
92117
20017
48032
78718
47167
79106
58696
85412
8257
62173
68650
8559
16522
84709
40980
50408
92437
29530
2269
98163
96072
95638
70632
14352
32689
844
18432
8661
233
34057
44284
39447
54962
48437
11130
91744
42203
24944
85157
72887
9112
96503
26736
81149
63468
70078
32634
71244
62336
12532
17769
65528
48683
81124
36017
70863
73482
90384
49612
71610
65286
86
11618
61436
13907
36205
36864
90223
18636
50310
46050
9036
55802
59437
45578
52385
22092
44742
28456
72890
33598
32626
79890
26074
47348
10666
70954
22240
55645
51520
12861
70149
27090
39682
39968
6682
37526
68280
36339
5004
68053
43875
36031
93570
31974
62
20793
76378
94027
1438
64543
401
59790
67859
28791
1146
7396
81831
29716
46787
71115
251
35026
78741
23660
61102
23447
91954
3419
4439
20146
76855
36404
55496
22782
93401
85374
33867
49469
75369
45449
93094
51678
76242
65841
21784
80249
29687
31130
46267
58799
41624
89811
90242
48524
44651
78197
80858
10727
10980
58691
60170
21022
34991
61514
